"pid","class","prob1","prob2","prob3","prob4"
2,1,0.999998071825911,1.92817408947876e-06,1.55848398484294e-20,1.28403012460419e-38
3,3,3.74269411566288e-23,1.35661063429461e-09,0.874585789911205,0.125414208732185
4,1,0.999998071825911,1.92817408947876e-06,1.55848398484294e-20,1.28403012460419e-38
5,1,0.99997630336182,2.36966381677454e-05,1.23585339481551e-14,3.63034554318555e-27
6,1,0.999998071825911,1.92817408947876e-06,1.55848398484294e-20,1.28403012460419e-38
7,1,0.99997630336182,2.36966381677454e-05,1.23585339481551e-14,3.63034554318555e-27
8,1,0.99997630336182,2.36966381677454e-05,1.23585339481551e-14,3.63034554318555e-27
9,1,0.99997630336182,2.36966381677454e-05,1.23585339481551e-14,3.63034554318555e-27
10,1,0.766105011663171,0.233894641807793,3.46529036386271e-07,1.52763806636342e-19
11,3,1.71537124432788e-19,7.28320830592461e-07,0.996743948829551,0.00325532284961881
12,1,0.999998071825911,1.92817408947876e-06,1.55848398484294e-20,1.28403012460419e-38
13,1,0.999998071825911,1.92817408947876e-06,1.55848398484294e-20,1.28403012460419e-38
14,1,0.999998071825911,1.92817408947876e-06,1.55848398484294e-20,1.28403012460419e-38
15,3,8.00138394520075e-16,1.35709422254002e-05,0.999833161600312,0.000153267457461406
16,3,1.90144079573189e-12,0.00163398530019648,0.99836044284553,5.57185237251664e-06
17,1,0.99997630336182,2.36966381677454e-05,1.23585339481551e-14,3.63034554318555e-27
18,1,0.99997630336182,2.36966381677454e-05,1.23585339481551e-14,3.63034554318555e-27
19,1,0.999998071825911,1.92817408947876e-06,1.55848398484294e-20,1.28403012460419e-38
20,1,0.999998071825911,1.92817408947876e-06,1.55848398484294e-20,1.28403012460419e-38
21,2,0.0754071097706036,0.924108890843419,0.000483999385964483,1.24679861224645e-14
23,1,0.99997630336182,2.36966381677454e-05,1.23585339481551e-14,3.63034554318555e-27
24,1,0.999998071825911,1.92817408947876e-06,1.55848398484294e-20,1.28403012460419e-38
25,1,0.999998071825911,1.92817408947876e-06,1.55848398484294e-20,1.28403012460419e-38
26,1,0.999998071825911,1.92817408947876e-06,1.55848398484294e-20,1.28403012460419e-38
27,1,0.99997630336182,2.36966381677454e-05,1.23585339481551e-14,3.63034554318555e-27
28,1,0.99997630336182,2.36966381677454e-05,1.23585339481551e-14,3.63034554318555e-27
29,1,0.999998071825911,1.92817408947876e-06,1.55848398484294e-20,1.28403012460419e-38
30,1,0.999998071825911,1.92817408947876e-06,1.55848398484294e-20,1.28403012460419e-38
31,1,0.999998071825911,1.92817408947876e-06,1.55848398484294e-20,1.28403012460419e-38
32,1,0.999998071825911,1.92817408947876e-06,1.55848398484294e-20,1.28403012460419e-38
33,1,0.999998071825911,1.92817408947876e-06,1.55848398484294e-20,1.28403012460419e-38
34,1,0.999998071825911,1.92817408947876e-06,1.55848398484294e-20,1.28403012460419e-38
35,1,0.999998071825911,1.92817408947876e-06,1.55848398484294e-20,1.28403012460419e-38
37,1,0.999998071825911,1.92817408947876e-06,1.55848398484294e-20,1.28403012460419e-38
38,1,0.999998071825911,1.92817408947876e-06,1.55848398484294e-20,1.28403012460419e-38
39,1,0.999998071825911,1.92817408947876e-06,1.55848398484294e-20,1.28403012460419e-38
42,1,0.99997630336182,2.36966381677454e-05,1.23585339481551e-14,3.63034554318555e-27
44,1,0.999998071825911,1.92817408947876e-06,1.55848398484294e-20,1.28403012460419e-38
45,1,0.999998071825911,1.92817408947876e-06,1.55848398484294e-20,1.28403012460419e-38
46,1,0.999998071825911,1.92817408947876e-06,1.55848398484294e-20,1.28403012460419e-38
47,1,0.99997630336182,2.36966381677454e-05,1.23585339481551e-14,3.63034554318555e-27
49,1,0.999998071825911,1.92817408947876e-06,1.55848398484294e-20,1.28403012460419e-38
50,1,0.999998071825911,1.92817408947876e-06,1.55848398484294e-20,1.28403012460419e-38
53,1,0.999998071825911,1.92817408947876e-06,1.55848398484294e-20,1.28403012460419e-38
54,1,0.999998071825911,1.92817408947876e-06,1.55848398484294e-20,1.28403012460419e-38
55,1,0.999998071825911,1.92817408947876e-06,1.55848398484294e-20,1.28403012460419e-38
57,1,0.999998071825911,1.92817408947876e-06,1.55848398484294e-20,1.28403012460419e-38
58,1,0.999998071825911,1.92817408947876e-06,1.55848398484294e-20,1.28403012460419e-38
59,1,0.999998071825911,1.92817408947876e-06,1.55848398484294e-20,1.28403012460419e-38
60,1,0.999998071825911,1.92817408947876e-06,1.55848398484294e-20,1.28403012460419e-38
61,1,0.999998071825911,1.92817408947876e-06,1.55848398484294e-20,1.28403012460419e-38
62,1,0.999998071825911,1.92817408947876e-06,1.55848398484294e-20,1.28403012460419e-38
66,1,0.999998071825911,1.92817408947876e-06,1.55848398484294e-20,1.28403012460419e-38
68,1,0.999998071825911,1.92817408947876e-06,1.55848398484294e-20,1.28403012460419e-38
69,1,0.999998071825911,1.92817408947876e-06,1.55848398484294e-20,1.28403012460419e-38
71,1,0.99997630336182,2.36966381677454e-05,1.23585339481551e-14,3.63034554318555e-27
72,1,0.999998071825911,1.92817408947876e-06,1.55848398484294e-20,1.28403012460419e-38
73,1,0.999998071825911,1.92817408947876e-06,1.55848398484294e-20,1.28403012460419e-38
76,1,0.999998071825911,1.92817408947876e-06,1.55848398484294e-20,1.28403012460419e-38
77,1,0.999998071825911,1.92817408947876e-06,1.55848398484294e-20,1.28403012460419e-38
78,1,0.999998071825911,1.92817408947876e-06,1.55848398484294e-20,1.28403012460419e-38
79,1,0.99997630336182,2.36966381677454e-05,1.23585339481551e-14,3.63034554318555e-27
81,1,0.99997630336182,2.36966381677454e-05,1.23585339481551e-14,3.63034554318555e-27
82,1,0.999998071825911,1.92817408947876e-06,1.55848398484294e-20,1.28403012460419e-38
85,1,0.99997630336182,2.36966381677454e-05,1.23585339481551e-14,3.63034554318555e-27
86,1,0.999998071825911,1.92817408947876e-06,1.55848398484294e-20,1.28403012460419e-38
87,1,0.999998071825911,1.92817408947876e-06,1.55848398484294e-20,1.28403012460419e-38
90,4,1.70215272066702e-50,5.06950584776722e-26,8.33799118868323e-08,0.999999916620088
91,3,1.10161539059573e-10,0.0123120238117252,0.987060091089938,0.000627884988175082
92,1,0.999998071825911,1.92817408947876e-06,1.55848398484294e-20,1.28403012460419e-38
93,1,0.99997630336182,2.36966381677454e-05,1.23585339481551e-14,3.63034554318555e-27
94,2,0.0218464963990016,0.978153106051916,3.97549082548531e-07,3.63934867077755e-19
95,1,0.999998071825911,1.92817408947876e-06,1.55848398484294e-20,1.28403012460419e-38
96,4,4.29985473065392e-37,3.38479983403418e-17,0.000594237008022396,0.999405762991978
97,3,2.99594550074322e-15,0.00025846512182211,0.999688791047632,5.27438305431446e-05
98,4,8.46963736004463e-36,3.55925152150742e-16,0.0014867683216624,0.998513231678337
100,4,2.91703258575073e-27,8.028317324149e-11,0.303259417193289,0.696740582726428
101,4,3.72524409321851e-33,2.4708454413098e-14,0.00882657647676552,0.99117342352321
102,3,1.07194898274283e-17,1.08297494277709e-05,0.999447536860873,0.000541633389699309
103,1,0.999998071825911,1.92817408947876e-06,1.55848398484294e-20,1.28403012460419e-38
104,4,4.61626137199266e-42,3.72574328130731e-20,2.47956167045711e-05,0.999975204383295
105,2,4.37965894162836e-07,0.846387191807202,0.153612367894928,2.331976530152e-09
107,4,7.57942246657873e-38,8.95021107289401e-18,0.000350462069198607,0.999649537930801
108,1,0.99997630336182,2.36966381677454e-05,1.23585339481551e-14,3.63034554318555e-27
109,4,1.10339150313777e-41,3.45420096636526e-20,2.87898369000835e-05,0.9999712101631
112,3,8.57516638537174e-19,2.57196139394521e-06,0.998454881738411,0.00154254630019492
113,1,0.999721276140172,0.000278723859821448,6.10422563059386e-15,1.20600513041463e-30
114,1,0.99997630336182,2.36966381677454e-05,1.23585339481551e-14,3.63034554318555e-27
115,4,5.96207405256857e-35,1.65885101741506e-15,0.00270861557100376,0.997291384428995
116,3,1.22663307152801e-25,2.74572121854376e-09,0.657375494630343,0.342624502623936
117,4,1.55458111419695e-58,5.624813838382e-31,4.59778079169811e-10,0.999999999540222
118,2,0.000382561201319895,0.991779936152248,0.00783750264274693,3.68506475464481e-12
119,1,0.999998071825911,1.92817408947876e-06,1.55848398484294e-20,1.28403012460419e-38
120,3,1.26773516049055e-20,1.90719342011543e-07,0.99080652224328,0.00919328703737812
121,2,0.0245663070658276,0.975410143456578,2.35494775947201e-05,1.72024522514494e-16
122,3,6.16249224227766e-17,5.89895685368738e-05,0.999718727329134,0.000222283102329277
124,4,5.95335811185523e-59,3.00381575160548e-31,3.49159864327471e-10,0.99999999965084
125,4,5.95335811185523e-59,3.00381575160548e-31,3.49159864327471e-10,0.99999999965084
126,4,5.80428869505177e-27,2.23974771231291e-10,0.375825165231338,0.624174834544687
127,1,0.999998071825911,1.92817408947876e-06,1.55848398484294e-20,1.28403012460419e-38
128,3,1.18523195502501e-22,6.07019550631103e-08,0.957572923410557,0.0424270158874881
129,1,0.999998071825911,1.92817408947876e-06,1.55848398484294e-20,1.28403012460419e-38
130,3,2.45784027259673e-24,3.15862861647342e-09,0.805426083370852,0.19457391347052
131,4,3.06314915625481e-31,2.08133042526844e-13,0.0274575231915709,0.972542476808221
132,4,1.19745080423257e-38,3.5260282809866e-18,0.000215509664572132,0.999784490335428
133,3,3.22908602588138e-25,2.78321876284176e-09,0.708411777206329,0.291588220010453
134,4,8.44420210231825e-35,2.13785681457554e-15,0.00300453586765148,0.996995464132346
135,1,0.99997630336182,2.36966381677454e-05,1.23585339481551e-14,3.63034554318555e-27
136,4,1.38890105938731e-28,1.132438550297e-11,0.145611717338981,0.854388282649694
137,3,2.65218068385837e-16,7.30024557533231e-07,0.999582716469102,0.000416553506340029
138,2,5.71172179473196e-06,0.950511537184547,0.0494827508956052,1.98053248827548e-10
139,4,1.48316356514442e-47,4.08831345451214e-24,5.77786715535906e-07,0.999999422213285
140,4,1.88328129096029e-52,3.32251033751714e-27,2.37124308350589e-08,0.999999976287569
142,3,6.9706826947007e-23,1.15620410488252e-08,0.93027386716659,0.0697261212713684
143,3,1.66171329545016e-24,5.87707580132274e-09,0.810633424738873,0.189366569384051
144,4,3.5646646329463e-27,9.23834987532145e-11,0.317364496854604,0.682635503053013
145,3,1.40036330879581e-25,9.01500600574822e-10,0.613360252254166,0.386639746844333
146,1,0.999998071825911,1.92817408947876e-06,1.55848398484294e-20,1.28403012460419e-38
147,4,2.17989424223058e-36,9.47410891157074e-17,0.000941585761857708,0.999058414238142
148,4,5.88421511170619e-39,2.31586621846065e-18,0.000177001052395808,0.999822998947604
151,1,0.999998071825911,1.92817408947876e-06,1.55848398484294e-20,1.28403012460419e-38
153,4,5.24886048074279e-29,4.0773105495081e-12,0.106820358873569,0.893179641122353
155,1,0.84385267675232,0.15614721885742,1.0439026066903e-07,2.65069215162502e-20
156,1,0.99997630336182,2.36966381677454e-05,1.23585339481551e-14,3.63034554318555e-27
158,4,3.15320797527947e-31,1.35451313598527e-13,0.0258465980841783,0.974153401915686
160,3,4.66054484923943e-23,2.00771845459311e-08,0.931359315803173,0.0686406641196426
161,3,2.86904736477979e-23,1.60249285631735e-08,0.918748430994977,0.0812515529800941
163,2,0.00208388060845343,0.997786544779039,0.000129574612502686,4.5395291358372e-15
164,2,0.0852284543194377,0.914740661110226,3.08845703360054e-05,1.85890742486581e-16
165,1,0.518419610809531,0.481580081122423,3.08068046023016e-07,1.20225760190494e-19
166,4,1.37386397820601e-36,7.3788760945904e-17,0.00083158483742351,0.999168415162576
167,3,3.75225592420053e-06,0.419295835574536,0.580690102264013,1.03099055268804e-05
168,3,2.40386165557203e-22,9.40876810424463e-08,0.968103645958113,0.0318962599542053
170,4,3.38850845602072e-27,7.83890658108103e-11,0.308947604881955,0.691052395039656
171,3,8.28833948127902e-24,1.14011921186605e-08,0.882619596984834,0.117380391613974
172,2,0.00687165354435299,0.992993809763251,0.000134536692392605,3.44280031998392e-15
174,1,0.99997630336182,2.36966381677454e-05,1.23585339481551e-14,3.63034554318555e-27
175,3,5.86068570067477e-17,5.22143307303217e-05,0.999715758114372,0.000232027554897234
176,1,0.999998071825911,1.92817408947876e-06,1.55848398484294e-20,1.28403012460419e-38
177,1,0.999998071825911,1.92817408947876e-06,1.55848398484294e-20,1.28403012460419e-38
179,1,0.99997630336182,2.36966381677454e-05,1.23585339481551e-14,3.63034554318555e-27
180,3,3.62782267705385e-18,7.0794533471947e-06,0.999181722972459,0.000811197574193793
181,2,0.0377936447993441,0.962203903883098,2.45131755804682e-06,4.94523346546909e-18
183,1,0.844305647780561,0.155694348347702,3.8717366409615e-09,1.79266610197131e-22
184,1,0.999998071825911,1.92817408947876e-06,1.55848398484294e-20,1.28403012460419e-38
186,1,0.999998071825911,1.92817408947876e-06,1.55848398484294e-20,1.28403012460419e-38
187,2,0.0223065876535871,0.973852338434994,0.0038410739110177,4.01114953295331e-13
188,4,8.61456610139828e-38,1.38451779877531e-17,0.000384082896860949,0.999615917103139
190,4,6.59349179460404e-35,1.80290697617566e-15,0.00279537844171985,0.997204621558278
191,1,0.999998071825911,1.92817408947876e-06,1.55848398484294e-20,1.28403012460419e-38
196,1,0.998025220910464,0.00197477908856244,9.73893217357045e-13,1.66675155216148e-27
197,1,0.878041131934711,0.121958854191891,1.38733973538281e-08,1.30161369198432e-21
198,3,1.46836219423225e-18,2.79027138519271e-06,0.998695490004669,0.0013017197239455
199,3,6.55171792188822e-21,1.55421008150334e-07,0.988430771944207,0.0115690726347851
202,1,0.99997630336182,2.36966381677454e-05,1.23585339481551e-14,3.63034554318555e-27
203,1,0.999998071825911,1.92817408947876e-06,1.55848398484294e-20,1.28403012460419e-38
204,2,2.42280817729997e-06,0.56259158319257,0.437405986226808,7.77244406407966e-09
205,1,0.99997630336182,2.36966381677454e-05,1.23585339481551e-14,3.63034554318555e-27
206,3,5.80469966329228e-11,0.0395863633815717,0.960412688184857,9.48375524643893e-07
209,3,1.86817911805895e-19,1.1902751463993e-06,0.997166900936295,0.00283190878855827
210,1,0.999998071825911,1.92817408947876e-06,1.55848398484294e-20,1.28403012460419e-38
211,4,1.77975682564672e-34,3.59067335531916e-16,0.00261266494256011,0.99738733505744
212,3,2.27710483789629e-16,9.53428463342361e-05,0.999767106896338,0.000137550257327148
213,2,0.049858858417729,0.95014089204589,2.4953638113566e-07,1.43454831180644e-19
214,3,4.07218176980546e-25,1.62918076714685e-09,0.69728637847034,0.302713619900479
215,2,0.443025746127003,0.556970669758808,3.58411418638423e-06,2.8957186498721e-15
216,1,0.999998071825911,1.92817408947876e-06,1.55848398484294e-20,1.28403012460419e-38
217,1,0.999998071825911,1.92817408947876e-06,1.55848398484294e-20,1.28403012460419e-38
218,1,0.999998071825911,1.92817408947876e-06,1.55848398484294e-20,1.28403012460419e-38
219,1,0.999998071825911,1.92817408947876e-06,1.55848398484294e-20,1.28403012460419e-38
220,1,0.999998071825911,1.92817408947876e-06,1.55848398484294e-20,1.28403012460419e-38
221,1,0.998164082238847,0.00183591776105875,9.46520954613101e-14,4.94093011467283e-29
222,1,0.999998071825911,1.92817408947876e-06,1.55848398484294e-20,1.28403012460419e-38
224,1,0.999998071825911,1.92817408947876e-06,1.55848398484294e-20,1.28403012460419e-38
225,1,0.99930331838735,0.000696681612272232,3.77823215776254e-13,7.75361082894284e-25
226,1,0.999998071825911,1.92817408947876e-06,1.55848398484294e-20,1.28403012460419e-38
227,3,9.0128705414801e-13,0.00196871710979984,0.998024712401518,6.57048778097535e-06
229,3,1.04247972557662e-09,0.0574184732772903,0.942581150135888,3.75544342158692e-07
230,1,0.999998071825911,1.92817408947876e-06,1.55848398484294e-20,1.28403012460419e-38
231,1,0.99997630336182,2.36966381677454e-05,1.23585339481551e-14,3.63034554318555e-27
232,2,1.50308139545793e-05,0.999117350771502,0.000867618414219371,3.23742677511062e-13
233,4,8.78069001741175e-48,4.02311918030601e-24,5.23093039284596e-07,0.99999947690696
235,1,0.958163152785122,0.0418368470744045,1.4047360264311e-10,1.54289235050874e-24
236,1,0.99930331838735,0.000696681612272232,3.77823215776254e-13,7.75361082894284e-25
237,1,0.999998071825911,1.92817408947876e-06,1.55848398484294e-20,1.28403012460419e-38
238,1,0.999998071825911,1.92817408947876e-06,1.55848398484294e-20,1.28403012460419e-38
239,4,4.20069373705298e-31,5.61879426754712e-13,0.033831696180829,0.966168303818609
240,2,3.1480066815e-08,0.536634634923493,0.463365304591716,2.90047232984027e-08
241,1,0.99997630336182,2.36966381677454e-05,1.23585339481551e-14,3.63034554318555e-27
243,3,7.11666145467741e-08,0.226982189294125,0.772982293293762,3.54462454979813e-05
244,1,0.998724703605652,0.00127529639430423,4.33459244633957e-14,1.64692020378952e-29
245,1,0.99997630336182,2.36966381677454e-05,1.23585339481551e-14,3.63034554318555e-27
246,3,3.64081155472081e-23,3.53418362042169e-08,0.93523025392749,0.0647697107306736
247,4,5.2476441234454e-34,3.31352658806205e-15,0.00450520221945004,0.995494797780547
248,3,1.09945723112604e-11,0.0230070452326429,0.976991190265056,1.76449130651453e-06
249,3,9.62205587248466e-13,0.00136972248745859,0.994596865079707,0.00403341243187271
250,4,1.22365458939032e-29,4.63187943486136e-12,0.0845992439041383,0.91540075609123
251,3,7.24301099355144e-14,0.00115117121773135,0.998833682296339,1.51464858572273e-05
252,1,0.99997630336182,2.36966381677454e-05,1.23585339481551e-14,3.63034554318555e-27
253,4,6.58346495648089e-43,2.69199934441283e-21,1.14870780664728e-05,0.999988512921934
254,3,5.67029657458402e-20,1.84139826201716e-07,0.99388148981534,0.00611832604483382
255,4,3.93483183917239e-33,1.02708500983595e-14,0.00778226987315587,0.992217730126834
256,4,5.96207405256857e-35,1.65885101741506e-15,0.00270861557100376,0.997291384428995
257,1,0.952609296786783,0.0473907028637903,3.49426366864912e-10,5.97755552312382e-24
259,1,0.999998071825911,1.92817408947876e-06,1.55848398484294e-20,1.28403012460419e-38
260,1,0.999998071825911,1.92817408947876e-06,1.55848398484294e-20,1.28403012460419e-38
262,1,0.999998071825911,1.92817408947876e-06,1.55848398484294e-20,1.28403012460419e-38
263,1,0.999998071825911,1.92817408947876e-06,1.55848398484294e-20,1.28403012460419e-38
264,1,0.999998071825911,1.92817408947876e-06,1.55848398484294e-20,1.28403012460419e-38
265,1,0.999998071825911,1.92817408947876e-06,1.55848398484294e-20,1.28403012460419e-38
267,1,0.999998071825911,1.92817408947876e-06,1.55848398484294e-20,1.28403012460419e-38
270,1,0.999998071825911,1.92817408947876e-06,1.55848398484294e-20,1.28403012460419e-38
271,1,0.999998071825911,1.92817408947876e-06,1.55848398484294e-20,1.28403012460419e-38
272,1,0.999998071825911,1.92817408947876e-06,1.55848398484294e-20,1.28403012460419e-38
273,1,0.999998071825911,1.92817408947876e-06,1.55848398484294e-20,1.28403012460419e-38
274,1,0.999998071825911,1.92817408947876e-06,1.55848398484294e-20,1.28403012460419e-38
275,1,0.875009370504036,0.124990625367915,4.12804845846178e-09,2.06020541408834e-22
276,1,0.999998071825911,1.92817408947876e-06,1.55848398484294e-20,1.28403012460419e-38
277,1,0.999998071825911,1.92817408947876e-06,1.55848398484294e-20,1.28403012460419e-38
278,3,5.77859292756921e-23,4.18300498763652e-08,0.944498935081946,0.0555010230880039
279,1,0.999998071825911,1.92817408947876e-06,1.55848398484294e-20,1.28403012460419e-38
280,1,0.999998071825911,1.92817408947876e-06,1.55848398484294e-20,1.28403012460419e-38
281,1,0.999998071825911,1.92817408947876e-06,1.55848398484294e-20,1.28403012460419e-38
282,1,0.999998071825911,1.92817408947876e-06,1.55848398484294e-20,1.28403012460419e-38
284,1,0.999998071825911,1.92817408947876e-06,1.55848398484294e-20,1.28403012460419e-38
285,2,3.12087616387556e-10,0.845113993990133,0.154885987664651,1.80331289594207e-08
286,1,0.999998071825911,1.92817408947876e-06,1.55848398484294e-20,1.28403012460419e-38
287,1,0.999998071825911,1.92817408947876e-06,1.55848398484294e-20,1.28403012460419e-38
288,1,0.999998071825911,1.92817408947876e-06,1.55848398484294e-20,1.28403012460419e-38
289,1,0.999998071825911,1.92817408947876e-06,1.55848398484294e-20,1.28403012460419e-38
290,1,0.999998071825911,1.92817408947876e-06,1.55848398484294e-20,1.28403012460419e-38
291,3,9.18502429136753e-19,4.40847606890029e-06,0.998662939585453,0.00133265193847827
292,1,0.999998071825911,1.92817408947876e-06,1.55848398484294e-20,1.28403012460419e-38
294,1,0.999998071825911,1.92817408947876e-06,1.55848398484294e-20,1.28403012460419e-38
295,1,0.999998071825911,1.92817408947876e-06,1.55848398484294e-20,1.28403012460419e-38
297,1,0.99997630336182,2.36966381677454e-05,1.23585339481551e-14,3.63034554318555e-27
298,1,0.999998071825911,1.92817408947876e-06,1.55848398484294e-20,1.28403012460419e-38
299,1,0.999998071825911,1.92817408947876e-06,1.55848398484294e-20,1.28403012460419e-38
300,1,0.999998071825911,1.92817408947876e-06,1.55848398484294e-20,1.28403012460419e-38
301,1,0.999998071825911,1.92817408947876e-06,1.55848398484294e-20,1.28403012460419e-38
302,1,0.999998071825911,1.92817408947876e-06,1.55848398484294e-20,1.28403012460419e-38
303,2,0.457621141571326,0.54237883281374,2.56149342285211e-08,2.78403463005091e-21
305,2,1.03738435215404e-05,0.995470712165366,0.004518913986719,4.39346488529074e-12
306,1,0.999998071825911,1.92817408947876e-06,1.55848398484294e-20,1.28403012460419e-38
308,1,0.999998071825911,1.92817408947876e-06,1.55848398484294e-20,1.28403012460419e-38
309,2,3.00064616439457e-05,0.99861477119981,0.00135522233802206,5.24572152605567e-13
311,1,0.999998071825911,1.92817408947876e-06,1.55848398484294e-20,1.28403012460419e-38
312,1,0.999998071825911,1.92817408947876e-06,1.55848398484294e-20,1.28403012460419e-38
313,1,0.999998071825911,1.92817408947876e-06,1.55848398484294e-20,1.28403012460419e-38
314,1,0.999998071825911,1.92817408947876e-06,1.55848398484294e-20,1.28403012460419e-38
315,1,0.999998071825911,1.92817408947876e-06,1.55848398484294e-20,1.28403012460419e-38
316,1,0.999998071825911,1.92817408947876e-06,1.55848398484294e-20,1.28403012460419e-38
317,1,0.999998071825911,1.92817408947876e-06,1.55848398484294e-20,1.28403012460419e-38
318,1,0.99997630336182,2.36966381677454e-05,1.23585339481551e-14,3.63034554318555e-27
320,2,0.270155671079008,0.729833772421014,1.0556499962113e-05,1.60634825788677e-14
321,1,0.999998071825911,1.92817408947876e-06,1.55848398484294e-20,1.28403012460419e-38
323,3,2.29577676450599e-17,9.81611848279709e-06,0.999542391395725,0.000447792485792525
325,1,0.999998071825911,1.92817408947876e-06,1.55848398484294e-20,1.28403012460419e-38
326,1,0.999998071825911,1.92817408947876e-06,1.55848398484294e-20,1.28403012460419e-38
327,1,0.999998071825911,1.92817408947876e-06,1.55848398484294e-20,1.28403012460419e-38
329,1,0.999998071825911,1.92817408947876e-06,1.55848398484294e-20,1.28403012460419e-38
330,1,0.99997630336182,2.36966381677454e-05,1.23585339481551e-14,3.63034554318555e-27
331,2,0.166644792001212,0.833353898650766,1.30934802128214e-06,1.30352384988084e-18
332,3,7.98407085716191e-20,1.60689158914623e-06,0.996652577784814,0.00334581532359688
333,2,1.22365659165626e-07,0.898572430018048,0.101427445864466,1.75182673721876e-09
334,1,0.99997630336182,2.36966381677454e-05,1.23585339481551e-14,3.63034554318555e-27
336,1,0.997008274536127,0.0029917254638676,6.01104107911578e-15,6.73018712257015e-31
338,3,4.9689158280337e-11,0.0265714156677294,0.973427473348692,1.11093388974296e-06
339,1,0.99997630336182,2.36966381677454e-05,1.23585339481551e-14,3.63034554318555e-27
340,1,0.999998071825911,1.92817408947876e-06,1.55848398484294e-20,1.28403012460419e-38
341,1,0.999998071825911,1.92817408947876e-06,1.55848398484294e-20,1.28403012460419e-38
342,1,0.999998071825911,1.92817408947876e-06,1.55848398484294e-20,1.28403012460419e-38
343,1,0.999776484381301,0.0002235156186986,2.77037747092287e-16,1.16643559208375e-32
344,1,0.999998071825911,1.92817408947876e-06,1.55848398484294e-20,1.28403012460419e-38
345,3,3.73072222737949e-19,3.3722883219945e-06,0.99817005893224,0.0018265687794384
347,3,1.15886697531331e-13,0.00226845641651846,0.997720252746728,1.12908366370648e-05
348,4,9.80154381301143e-29,1.75227110996585e-11,0.146075584355128,0.853924415627349
349,1,0.626511406743327,0.373488591596555,1.66011745257802e-09,4.38788422411471e-23
350,1,0.998702971025741,0.00129702893425784,4.00006385925232e-11,4.69295466841251e-22
351,2,0.0118359449319286,0.988163328950187,7.26117884699183e-07,1.07509261564468e-18
353,1,0.99930331838735,0.000696681612272232,3.77823215776254e-13,7.75361082894284e-25
354,3,2.22246937626711e-14,0.000998885648561049,0.998979292951818,2.1821399598686e-05
357,2,1.22734016635593e-07,0.925162123987398,0.0748377521824366,1.09614882416306e-09
358,3,1.74884153823499e-13,0.00010084566312404,0.981267620786915,0.0186315335497864
359,4,1.55493071662844e-57,3.23675131228529e-30,9.2443715220358e-10,0.999999999075563
360,1,0.999998071825911,1.92817408947876e-06,1.55848398484294e-20,1.28403012460419e-38
361,1,0.99930331838735,0.000696681612272232,3.77823215776254e-13,7.75361082894284e-25
362,3,8.89808311849536e-20,1.71752754800768e-06,0.996802582943664,0.00319569952878837
363,1,0.99930331838735,0.000696681612272232,3.77823215776254e-13,7.75361082894284e-25
364,3,1.85871052595256e-24,6.31543652085008e-09,0.817321610588748,0.182678383095815
365,2,2.02352483793603e-06,0.989582912365507,0.010415041634627,2.24750281151339e-08
366,4,3.77092738393288e-33,2.45249145303202e-14,0.00883616980189095,0.991163830198085
367,4,5.96207405256857e-35,1.65885101741506e-15,0.00270861557100376,0.997291384428995
369,4,2.34257776312336e-34,2.62227379683275e-15,0.00374395070379671,0.996256049296201
371,3,8.7993773709697e-18,1.7989464885274e-05,0.999474205871828,0.000507804663287208
373,4,2.09899013278079e-31,4.644221796634e-13,0.0289833962545053,0.97101660374503
374,4,1.37304652302769e-23,1.07842353378242e-10,0.0212469010196055,0.978753098872552
375,2,2.6000702203717e-07,0.947535358494014,0.0524643809837303,5.15233576298195e-10
376,1,0.999718852824483,0.000281147175515479,1.30609080332867e-15,1.16080820815388e-31
377,3,1.19746470203035e-08,0.105274447124221,0.894638085705936,8.74551951961072e-05
378,3,1.73299270023225e-24,6.03780519367616e-09,0.81316044467836,0.186839549283835
379,3,1.55335903903114e-13,9.37349625172063e-05,0.980337400560068,0.0195688644772597
380,3,7.98407085716191e-20,1.60689158914623e-06,0.996652577784814,0.00334581532359688
382,4,2.22690471115176e-35,8.73828279614884e-16,0.00204400753006725,0.997955992469932
383,3,1.17266229120498e-17,2.32539145295568e-05,0.999535768225546,0.000440977859924521
386,3,1.02499996028866e-15,0.000202599058381568,0.999721920082954,7.54808586635139e-05
389,4,1.22365458939032e-29,4.63187943486136e-12,0.0845992439041383,0.91540075609123
390,4,1.22365458939032e-29,4.63187943486136e-12,0.0845992439041383,0.91540075609123
391,3,1.66171329545016e-24,5.87707580132274e-09,0.810633424738873,0.189366569384051
392,3,7.98407085716191e-20,1.60689158914623e-06,0.996652577784814,0.00334581532359688
394,4,1.89217079034347e-26,4.56815989200757e-10,0.469440814463651,0.530559185079533
396,2,0.000160488866187442,0.999768723693997,7.07874398115324e-05,3.72281731902253e-15
397,4,4.74840277334793e-39,3.6053255393e-18,0.000182260512673866,0.999817739487326
398,4,5.96207405256857e-35,1.65885101741506e-15,0.00270861557100376,0.997291384428995
400,1,0.99930331838735,0.000696681612272232,3.77823215776254e-13,7.75361082894284e-25
402,2,9.57537457688216e-09,0.518196611275883,0.481803335823615,4.3325126942751e-08
403,4,6.3613455571373e-30,2.96481896660657e-12,0.0706288541415981,0.929371145855437
404,2,9.57537457688216e-09,0.518196611275883,0.481803335823615,4.3325126942751e-08
405,4,1.22365458939032e-29,4.63187943486136e-12,0.0845992439041383,0.91540075609123
407,4,2.33454056291052e-48,3.48942832335382e-24,4.00457324592886e-07,0.999999599542675
408,3,3.47020540211647e-17,3.69673601611576e-05,0.999671437732015,0.000291594907823887
409,3,1.09945723112604e-11,0.0230070452326429,0.976991190265056,1.76449130651453e-06
412,3,5.77251714693211e-23,3.88118620247521e-08,0.943575341627094,0.056424619561044
413,2,0.188630238354359,0.811369696773138,6.48725035903379e-08,1.32867675814413e-20
414,4,1.75890206493371e-37,3.73852265037546e-17,0.000511582034853434,0.999488417965147
415,2,0.0290471390352298,0.970952858840676,2.12409430132396e-09,1.20420359482105e-22
416,4,6.27138782327358e-40,9.52564015963442e-19,0.000101879906635399,0.999898120093365
418,4,5.96207405256857e-35,1.65885101741506e-15,0.00270861557100376,0.997291384428995
420,3,1.30449403583656e-14,0.000743349429074821,0.999229469376927,2.71811939852882e-05
422,1,0.99999059778845,9.40221154947097e-06,5.74710029260408e-19,2.10073336970049e-36
423,4,1.52565430964858e-29,5.43132000679928e-12,0.089983707416644,0.910016292577925
424,4,1.144072474653e-30,1.01504612573605e-12,0.0443273954911342,0.955672604507851
425,1,0.901227654106625,0.0987723458186543,7.4720840491993e-11,4.91853700335146e-25
426,3,1.20764663975359e-12,0.0075728964354476,0.992422738226897,4.36533644727545e-06
429,4,3.24222845479748e-33,2.23314657323977e-14,0.00847031153114245,0.991529688468835
430,4,2.96629029314283e-46,6.2764579932762e-23,1.53861105931156e-06,0.999998461388941
432,3,2.50352123706943e-21,2.7864056652614e-07,0.986831608118981,0.0131681132404526
433,4,2.1263155359111e-34,3.94920985666587e-15,0.00391922672541672,0.996080773274579
435,4,5.95335811185523e-59,3.00381575160548e-31,3.49159864327471e-10,0.99999999965084
436,1,0.999998071825911,1.92817408947876e-06,1.55848398484294e-20,1.28403012460419e-38
437,4,1.44732058405642e-44,9.18078083579529e-22,4.79563132711277e-06,0.999995204368673
438,3,1.96433285130517e-16,8.70769104237623e-05,0.999766447754119,0.000146475335457091
439,4,1.22365458939032e-29,4.63187943486136e-12,0.0845992439041383,0.91540075609123
440,4,6.27138782327358e-40,9.52564015963442e-19,0.000101879906635399,0.999898120093365
442,4,1.22365458939032e-29,4.63187943486136e-12,0.0845992439041383,0.91540075609123
443,1,0.766825134691802,0.233174864799807,5.08391319451307e-10,7.69938143813465e-24
446,2,1.0982752101074e-07,0.998758950369821,0.00124093980044415,2.21400746471425e-12
448,4,1.61308703463212e-41,8.78640608062905e-20,3.57185844908227e-05,0.999964281415509
450,3,8.08688569861747e-24,1.38495379010626e-08,0.886384673805697,0.113615312344765
451,3,1.30449403583656e-14,0.000743349429074821,0.999229469376927,2.71811939852882e-05
452,4,1.22365458939032e-29,4.63187943486136e-12,0.0845992439041383,0.91540075609123
455,3,5.36340678703713e-17,4.48462265092088e-05,0.999708581711542,0.000246572061948817
457,3,6.96991727432086e-12,0.308976235468398,0.691023122553097,6.41971535779608e-07
459,3,1.66171329545016e-24,5.87707580132274e-09,0.810633424738873,0.189366569384051
460,1,0.999998071825911,1.92817408947876e-06,1.55848398484294e-20,1.28403012460419e-38
461,3,1.30449403583656e-14,0.000743349429074821,0.999229469376927,2.71811939852882e-05
463,1,0.69791173294369,0.302088266095477,9.60832208483222e-10,1.95282472187219e-23
464,4,3.24222845479748e-33,2.23314657323977e-14,0.00847031153114245,0.991529688468835
465,4,4.98532613322846e-49,1.13216964650801e-24,2.525893344781e-07,0.999999747410665
466,1,0.99930331838735,0.000696681612272232,3.77823215776254e-13,7.75361082894284e-25
467,1,0.999998071825911,1.92817408947876e-06,1.55848398484294e-20,1.28403012460419e-38
468,3,5.77251714693211e-23,3.88118620247521e-08,0.943575341627094,0.056424619561044
469,4,8.51197109701197e-44,4.77392232013205e-21,8.60336924676801e-06,0.999991396630753
470,4,1.64930543040928e-45,2.21618533115178e-22,2.57193216644167e-06,0.999997428067833
472,2,0.0891654339904838,0.910834487049881,7.89596352711396e-08,2.1491987967886e-20
474,4,5.95335811185523e-59,3.00381575160548e-31,3.49159864327471e-10,0.99999999965084
476,3,1.42873557606698e-23,6.061791668013e-08,0.926877050780199,0.0731228886018842
477,4,3.53866586256166e-31,9.26755582122951e-13,0.0353946361930089,0.964605363806064
478,1,0.99930331838735,0.000696681612272232,3.77823215776254e-13,7.75361082894284e-25
479,3,1.66171329545016e-24,5.87707580132274e-09,0.810633424738873,0.189366569384051
480,4,3.17351074044025e-31,3.25796711079608e-13,0.0295928889054769,0.970407111094197
482,3,2.30128140159788e-24,6.43243390081185e-09,0.825941063096724,0.174058930470842
484,1,0.999998071825911,1.92817408947876e-06,1.55848398484294e-20,1.28403012460419e-38
486,2,0.00108046031223687,0.998909916872499,9.62281526419644e-06,1.05723505510152e-16
487,4,1.78528314439089e-28,2.69128076178498e-11,0.17109901673986,0.828900983233228
488,2,0.043958063091825,0.956041754271194,1.82636981488484e-07,9.24349349676747e-20
489,1,0.999998071825911,1.92817408947876e-06,1.55848398484294e-20,1.28403012460419e-38
490,4,9.80154381301143e-29,1.75227110996585e-11,0.146075584355128,0.853924415627349
492,4,8.19038357774836e-35,2.09082912199306e-15,0.00297734646154687,0.997022653538451
493,2,1.5646255598802e-07,0.999562661211048,0.000437182325984673,4.1187459015849e-13
494,3,5.27364029139877e-19,4.221200245942e-06,0.998423235303723,0.0015725434960307
495,3,4.13215384329195e-22,1.31530980720387e-07,0.974433549932122,0.0255663185368976
496,3,1.09945723112604e-11,0.0230070452326429,0.976991190265056,1.76449130651453e-06
497,1,0.999998071825911,1.92817408947876e-06,1.55848398484294e-20,1.28403012460419e-38
499,4,5.96207405256857e-35,1.65885101741506e-15,0.00270861557100376,0.997291384428995
502,4,1.84430295597741e-41,9.687773484557e-20,3.71756363685203e-05,0.999962824363631
504,1,0.99930331838735,0.000696681612272232,3.77823215776254e-13,7.75361082894284e-25
506,2,1.15646315340237e-06,0.987994533290316,0.0120043102106889,3.58423137277376e-11
507,3,1.25432721113146e-20,6.22802995990449e-07,0.993004170714079,0.00699520648292527
508,4,1.38380699919037e-29,5.06197224386096e-12,0.087563437411106,0.912436562583832
509,2,1.28103734196372e-06,0.98974871697269,0.0102500019625726,2.73957251210897e-11
510,1,0.999998071825911,1.92817408947876e-06,1.55848398484294e-20,1.28403012460419e-38
511,3,2.05562646505908e-19,2.6147872476915e-06,0.997706315326666,0.00229106988608633
512,3,1.91416442918709e-19,3.32358807974728e-06,0.997787824361522,0.00220885205039791
513,3,1.30449403583656e-14,0.000743349429074821,0.999229469376927,2.71811939852882e-05
516,3,1.30449403583656e-14,0.000743349429074821,0.999229469376927,2.71811939852882e-05
517,4,5.96207405256857e-35,1.65885101741506e-15,0.00270861557100376,0.997291384428995
518,3,2.74161592796762e-24,7.80759253716519e-09,0.838137691118023,0.161862301074384
519,2,0.0556384244646043,0.944361436325495,1.39209900566786e-07,5.74831054296044e-20
523,3,8.66272779753764e-26,2.02318054947719e-09,0.624446887266194,0.375553110710625
525,4,8.45410065826526e-32,1.8581089559733e-13,0.0213493765880809,0.978650623411733
526,3,7.98407085716191e-20,1.60689158914623e-06,0.996652577784814,0.00334581532359688
527,4,1.22365458939032e-29,4.63187943486136e-12,0.0845992439041383,0.91540075609123
529,1,0.99930331838735,0.000696681612272232,3.77823215776254e-13,7.75361082894284e-25
530,4,2.13526072382778e-40,5.77650011921606e-19,7.72196708976134e-05,0.999922780329102
531,3,1.66171329545016e-24,5.87707580132274e-09,0.810633424738873,0.189366569384051
532,3,2.04382535252988e-16,8.92231789176181e-05,0.999766753153345,0.0001440236677378
533,4,1.25797938179551e-29,4.71525965574871e-12,0.085231002344355,0.91476899765093
536,1,0.999998071825911,1.92817408947876e-06,1.55848398484294e-20,1.28403012460419e-38
538,1,0.99930331838735,0.000696681612272232,3.77823215776254e-13,7.75361082894284e-25
545,2,1.15646315340237e-06,0.987994533290316,0.0120043102106889,3.58423137277376e-11
549,3,1.48184786485701e-11,0.0275825793862979,0.972415876916853,1.54368203083054e-06
550,4,5.95335811185523e-59,3.00381575160548e-31,3.49159864327471e-10,0.99999999965084
551,1,0.99930331838735,0.000696681612272232,3.77823215776254e-13,7.75361082894284e-25
552,3,2.73673060768098e-12,0.0113678107956576,0.988629054765965,3.13443564095719e-06
553,3,2.60699104911033e-17,3.10150190923793e-05,0.999639668022433,0.000329316958474903
555,3,7.98407085716191e-20,1.60689158914623e-06,0.996652577784814,0.00334581532359688
556,3,2.10051969076661e-22,1.39555650123321e-07,0.969742204574768,0.0302576558695815
557,1,0.992738713526542,0.00726128647342955,2.84727739974482e-14,5.78232415093239e-30
559,2,1.0982752101074e-07,0.998758950369821,0.00124093980044415,2.21400746471425e-12
561,4,1.47756832176983e-28,2.54187683434237e-11,0.164598831920865,0.835401168053716
562,2,0.223622176120482,0.776377272173855,5.5170566298622e-07,3.29042949051459e-19
563,1,0.999998071825911,1.92817408947876e-06,1.55848398484294e-20,1.28403012460419e-38
565,2,0.00111202731559398,0.998882552987082,5.41969732350771e-06,4.39035995295764e-17
567,3,6.29339142718421e-17,4.32997170045543e-05,0.999718976310106,0.000237723972889721
570,3,2.27535435562888e-21,3.3179183351046e-07,0.987016673072293,0.0129829951358736
571,3,1.10161539059573e-10,0.0123120238117252,0.987060091089938,0.000627884988175082
572,3,1.62891009133058e-19,2.27235189255341e-06,0.997470595895437,0.00252713175267092
573,1,0.999998071825911,1.92817408947876e-06,1.55848398484294e-20,1.28403012460419e-38
574,1,0.999546238396077,0.000453761603921831,1.19061824463796e-15,9.0092964488997e-32
576,1,0.999998071825911,1.92817408947876e-06,1.55848398484294e-20,1.28403012460419e-38
577,1,0.999998071825911,1.92817408947876e-06,1.55848398484294e-20,1.28403012460419e-38
578,1,0.99930331838735,0.000696681612272232,3.77823215776254e-13,7.75361082894284e-25
579,1,0.999998071825911,1.92817408947876e-06,1.55848398484294e-20,1.28403012460419e-38
580,1,0.999998071825911,1.92817408947876e-06,1.55848398484294e-20,1.28403012460419e-38
581,1,0.999998071825911,1.92817408947876e-06,1.55848398484294e-20,1.28403012460419e-38
582,1,0.999998071825911,1.92817408947876e-06,1.55848398484294e-20,1.28403012460419e-38
583,2,0.49762409586875,0.5023759036682,4.63049423645609e-10,6.29274386610641e-24
584,1,0.999998071825911,1.92817408947876e-06,1.55848398484294e-20,1.28403012460419e-38
585,3,2.05957873731718e-09,0.263698541877793,0.736301307259785,1.48802842898352e-07
586,1,0.999998071825911,1.92817408947876e-06,1.55848398484294e-20,1.28403012460419e-38
587,1,0.999998071825911,1.92817408947876e-06,1.55848398484294e-20,1.28403012460419e-38
588,4,4.11365071614563e-30,2.79333627738629e-12,0.0648222310207151,0.935177768976492
589,3,1.93566970807705e-15,0.000286932925291815,0.99965490519134,5.81618833667078e-05
590,1,0.89913956134327,0.10086043854673,1.10000164898269e-10,8.80465072455376e-25
592,1,0.999998071825911,1.92817408947876e-06,1.55848398484294e-20,1.28403012460419e-38
593,2,1.0982752101074e-07,0.998758950369821,0.00124093980044415,2.21400746471426e-12
594,1,0.999998071825911,1.92817408947876e-06,1.55848398484294e-20,1.28403012460419e-38
595,1,0.99930331838735,0.000696681612272232,3.77823215776254e-13,7.75361082894284e-25
596,3,9.44870967738079e-20,1.76498318093171e-06,0.996875726494604,0.00312250852221554
597,2,9.34063980832048e-05,0.999833819954914,7.27736469978745e-05,4.51885004370234e-15
598,1,0.999998071825911,1.92817408947876e-06,1.55848398484294e-20,1.28403012460419e-38
599,1,0.999998071825911,1.92817408947876e-06,1.55848398484294e-20,1.28403012460419e-38
600,1,0.999994529553833,5.47044616713109e-06,2.31894876329726e-19,6.0270107659843e-37
601,2,0.453969906780532,0.546030088250459,4.96900976181278e-09,2.31578984975791e-22
602,2,2.62369377754231e-06,0.994615395055289,0.00538198124251053,8.42344591920271e-12
603,3,9.70213755222383e-22,1.69163448657203e-07,0.980848580541896,0.0191512502946548
605,2,0.113340442792028,0.886659556555726,6.52245183560408e-10,1.40099560578772e-23
606,3,1.74789521433489e-17,2.74147043696913e-05,0.999593318981171,0.00037926631445969
607,3,1.12681201482558e-24,4.66516844186873e-09,0.786843799917484,0.213156195417348
609,2,4.26828562407317e-06,0.999947360742255,4.83709721152341e-05,5.77903057205284e-15
610,1,0.999998071825911,1.92817408947876e-06,1.55848398484294e-20,1.28403012460419e-38
613,2,0.00048538684370772,0.999514564987828,4.81684647643267e-08,4.2879464623042e-20
614,1,0.999998071825911,1.92817408947876e-06,1.55848398484294e-20,1.28403012460419e-38
615,3,2.73534891905007e-16,8.16303104711365e-05,0.999782829347806,0.000135540341722626
617,1,0.999998071825911,1.92817408947876e-06,1.55848398484294e-20,1.28403012460419e-38
